SM PMS 2 Root
   1.00000	   0.00049
   0.99667	   0.00082
   0.99080	   0.00153
   0.98389	   0.00252
   0.97609	   0.00370
   0.96778	   0.00498
   0.95925	   0.00631
   0.95064	   0.00766
   0.94201	   0.00903
   0.93338	   0.01040
   0.92476	   0.01179
   0.91614	   0.01319
   0.90752	   0.01461
   0.89888	   0.01605
   0.89023	   0.01749
   0.88158	   0.01895
   0.87292	   0.02040
   0.86425	   0.02187
   0.85561	   0.02332
   0.84697	   0.02477
   0.83836	   0.02619
   0.82975	   0.02760
   0.82116	   0.02899
   0.81258	   0.03036
   0.80400	   0.03170
   0.79543	   0.03302
   0.78687	   0.03430
   0.77831	   0.03556
   0.76975	   0.03678
   0.76119	   0.03798
   0.75262	   0.03914
   0.74405	   0.04028
   0.73548	   0.04138
   0.72691	   0.04246
   0.71833	   0.04350
   0.70975	   0.04451
   0.70117	   0.04549
   0.69257	   0.04643
   0.68397	   0.04736
   0.67536	   0.04825
   0.66675	   0.04911
   0.65815	   0.04995
   0.64954	   0.05075
   0.64093	   0.05152
   0.63231	   0.05226
   0.62368	   0.05297
   0.61506	   0.05366
   0.60643	   0.05432
   0.59780	   0.05494
   0.58917	   0.05554
   0.58054	   0.05611
   0.57191	   0.05665
   0.56329	   0.05716
   0.55468	   0.05763
   0.54607	   0.05807
   0.53745	   0.05847
   0.52881	   0.05885
   0.52015	   0.05919
   0.51148	   0.05951
   0.50281	   0.05981
   0.49414	   0.06008
   0.48546	   0.06032
   0.47679	   0.06055
   0.46813	   0.06074
   0.45946	   0.06091
   0.45080	   0.06106
   0.44213	   0.06117
   0.43346	   0.06126
   0.42479	   0.06133
   0.41612	   0.06136
   0.40746	   0.06138
   0.39880	   0.06136
   0.39014	   0.06132
   0.38148	   0.06125
   0.37283	   0.06115
   0.36417	   0.06102
   0.35552	   0.06086
   0.34687	   0.06068
   0.33823	   0.06046
   0.32959	   0.06021
   0.32096	   0.05993
   0.31233	   0.05963
   0.30370	   0.05928
   0.29508	   0.05891
   0.28647	   0.05850
   0.27786	   0.05806
   0.26925	   0.05758
   0.26065	   0.05707
   0.25206	   0.05653
   0.24348	   0.05594
   0.23491	   0.05532
   0.22635	   0.05466
   0.21780	   0.05395
   0.20927	   0.05321
   0.20074	   0.05242
   0.19223	   0.05158
   0.18373	   0.05070
   0.17525	   0.04978
   0.16680	   0.04880
   0.15837	   0.04777
   0.14995	   0.04668
   0.14156	   0.04554
   0.13321	   0.04434
   0.12489	   0.04307
   0.11661	   0.04174
   0.10837	   0.04034
   0.10019	   0.03886
   0.09206	   0.03730
   0.08401	   0.03566
   0.07604	   0.03393
   0.06819	   0.03211
   0.06048	   0.03019
   0.05293	   0.02815
   0.04560	   0.02602
   0.03861	   0.02381
   0.03209	   0.02154
   0.02618	   0.01928
   0.02104	   0.01709
   0.01673	   0.01504
   0.01320	   0.01320
   0.01036	   0.01155
   0.00806	   0.01008
   0.00619	   0.00875
   0.00466	   0.00753
   0.00340	   0.00638
   0.00236	   0.00529
   0.00153	   0.00424
   0.00088	   0.00320
   0.00041	   0.00219
   0.00012	   0.00120
   0.00000	   0.00024
   0.00004	  -0.00069
   0.00025	  -0.00166
   0.00065	  -0.00264
   0.00125	  -0.00361
   0.00204	  -0.00456
   0.00303	  -0.00550
   0.00425	  -0.00643
   0.00570	  -0.00739
   0.00745	  -0.00838
   0.00955	  -0.00944
   0.01212	  -0.01058
   0.01528	  -0.01181
   0.01920	  -0.01315
   0.02398	  -0.01459
   0.02969	  -0.01609
   0.03621	  -0.01760
   0.04335	  -0.01908
   0.05092	  -0.02048
   0.05875	  -0.02179
   0.06677	  -0.02301
   0.07494	  -0.02415
   0.08320	  -0.02522
   0.09153	  -0.02622
   0.09991	  -0.02716
   0.10834	  -0.02803
   0.11681	  -0.02886
   0.12531	  -0.02964
   0.13383	  -0.03037
   0.14238	  -0.03106
   0.15095	  -0.03171
   0.15954	  -0.03232
   0.16815	  -0.03290
   0.17677	  -0.03345
   0.18540	  -0.03397
   0.19403	  -0.03446
   0.20267	  -0.03492
   0.21133	  -0.03536
   0.21999	  -0.03576
   0.22866	  -0.03615
   0.23734	  -0.03651
   0.24602	  -0.03684
   0.25471	  -0.03716
   0.26340	  -0.03745
   0.27211	  -0.03773
   0.28081	  -0.03799
   0.28950	  -0.03822
   0.29820	  -0.03843
   0.30690	  -0.03863
   0.31561	  -0.03881
   0.32432	  -0.03896
   0.33303	  -0.03910
   0.34174	  -0.03922
   0.35045	  -0.03932
   0.35916	  -0.03940
   0.36788	  -0.03947
   0.37659	  -0.03951
   0.38531	  -0.03954
   0.39402	  -0.03955
   0.40274	  -0.03955
   0.41145	  -0.03952
   0.42017	  -0.03948
   0.42888	  -0.03942
   0.43760	  -0.03934
   0.44631	  -0.03925
   0.45503	  -0.03914
   0.46374	  -0.03901
   0.47245	  -0.03886
   0.48116	  -0.03869
   0.48987	  -0.03851
   0.49858	  -0.03830
   0.50728	  -0.03808
   0.51599	  -0.03784
   0.52469	  -0.03757
   0.53338	  -0.03729
   0.54205	  -0.03699
   0.55071	  -0.03666
   0.55937	  -0.03631
   0.56802	  -0.03592
   0.57667	  -0.03551
   0.58533	  -0.03507
   0.59400	  -0.03461
   0.60267	  -0.03412
   0.61134	  -0.03361
   0.62001	  -0.03308
   0.62867	  -0.03252
   0.63732	  -0.03194
   0.64598	  -0.03133
   0.65464	  -0.03070
   0.66329	  -0.03005
   0.67196	  -0.02937
   0.68062	  -0.02866
   0.68928	  -0.02794
   0.69795	  -0.02720
   0.70661	  -0.02643
   0.71528	  -0.02564
   0.72396	  -0.02483
   0.73264	  -0.02401
   0.74133	  -0.02316
   0.75003	  -0.02231
   0.75874	  -0.02144
   0.76746	  -0.02056
   0.77618	  -0.01967
   0.78492	  -0.01877
   0.79367	  -0.01787
   0.80242	  -0.01696
   0.81117	  -0.01605
   0.81992	  -0.01515
   0.82866	  -0.01425
   0.83738	  -0.01336
   0.84610	  -0.01247
   0.85480	  -0.01160
   0.86351	  -0.01074
   0.87220	  -0.00990
   0.88088	  -0.00907
   0.88955	  -0.00826
   0.89823	  -0.00748
   0.90689	  -0.00671
   0.91553	  -0.00596
   0.92417	  -0.00525
   0.93281	  -0.00456
   0.94144	  -0.00389
   0.95004	  -0.00326
   0.95861	  -0.00266
   0.96711	  -0.00210
   0.97543	  -0.00160
   0.98335	  -0.00116
   0.99053	  -0.00082
   0.99663	  -0.00059
   1.00000	  -0.00049
